{
 "cells": [
  {
   "cell_type": "code",
   "execution_count": 2,
   "metadata": {},
   "outputs": [],
   "source": [
    "import os\n",
    "import shutil\n",
    "import numpy as np"
   ]
  },
  {
   "cell_type": "markdown",
   "metadata": {},
   "source": [
    "Setting up the directories"
   ]
  },
  {
   "cell_type": "code",
   "execution_count": 3,
   "metadata": {},
   "outputs": [
    {
     "name": "stdout",
     "output_type": "stream",
     "text": [
      "c:\\Users\\omrav\\OneDrive\\Desktop\\IITC AI\\Fall 23\\CS 577 Deep Learning\\Project\\Yolov8\n"
     ]
    }
   ],
   "source": [
    "root_dir = os.getcwd()\n",
    "print(root_dir)"
   ]
  },
  {
   "cell_type": "code",
   "execution_count": 3,
   "metadata": {},
   "outputs": [],
   "source": [
    "os.makedirs(\"Data\")\n",
    "os.makedirs(\"train\")\n",
    "os.makedirs(\"valid\")\n",
    "os.makedirs(\"test\")"
   ]
  },
  {
   "cell_type": "code",
   "execution_count": 9,
   "metadata": {},
   "outputs": [],
   "source": [
    "for i in os.listdir(\"Data\"):\n",
    "    os.chdir(f\"{root_dir}\\Data\\{i}\")\n",
    "    os.makedirs(\"images\")\n",
    "    os.makedirs(\"labels\")"
   ]
  },
  {
   "cell_type": "markdown",
   "metadata": {},
   "source": [
    "Transferring the images from Parent directory"
   ]
  },
  {
   "cell_type": "code",
   "execution_count": 21,
   "metadata": {},
   "outputs": [],
   "source": [
    "os.chdir(root_dir)"
   ]
  },
  {
   "cell_type": "code",
   "execution_count": 29,
   "metadata": {},
   "outputs": [],
   "source": [
    "train_data = []\n",
    "valid_data = []\n",
    "test_data = []\n",
    "\n",
    "path = \"ExDark/ExDark\"\n",
    "for i in os.listdir(path):\n",
    "    train_data.extend(os.listdir(f\"{path}/{i}\")[:250])\n",
    "    valid_data.extend(os.listdir(f\"{path}/{i}\")[250:400])\n",
    "    test_data.extend(os.listdir(f\"{path}/{i}\")[400:])"
   ]
  },
  {
   "cell_type": "code",
   "execution_count": 30,
   "metadata": {},
   "outputs": [
    {
     "data": {
      "text/plain": [
       "3000"
      ]
     },
     "execution_count": 30,
     "metadata": {},
     "output_type": "execute_result"
    }
   ],
   "source": [
    "len(train_data)"
   ]
  },
  {
   "cell_type": "code",
   "execution_count": null,
   "metadata": {},
   "outputs": [],
   "source": [
    "for i in os.listdir(\"ExDark\"):\n",
    "    count = 1\n",
    "    for j in os.listdir(f\"ExDark/{i}\"):\n",
    "        if count <= 250:\n",
    "            shutil.move(f\"ExDark/{i}/{j}\", f\"Data/train/images\")\n",
    "            shutil.move(f\"ExDark_Annno/{i}/{j}.txt\", f\"Data/train/labels\")\n",
    "        elif 250 < count <= 400:\n",
    "            shutil.move(f\"ExDark/{i}/{j}\", f\"Data/valid/images\")\n",
    "            shutil.move(f\"ExDark_Annno/{i}/{j}.txt\", f\"Data/valid/labels\")\n",
    "            print()\n",
    "        else:\n",
    "            shutil.move(f\"ExDark/{i}/{j}\", f\"Data/test/images\")\n",
    "            shutil.move(f\"ExDark_Annno/{i}/{j}.txt\", f\"Data/test/labels\")\n",
    "        count += 1"
   ]
  },
  {
   "cell_type": "code",
   "execution_count": 28,
   "metadata": {},
   "outputs": [
    {
     "data": {
      "text/plain": [
       "'c:\\\\Users\\\\omrav\\\\OneDrive\\\\Desktop\\\\IITC AI\\\\Fall 23\\\\CS 577 Deep Learning\\\\Project\\\\Yolov8'"
      ]
     },
     "execution_count": 28,
     "metadata": {},
     "output_type": "execute_result"
    }
   ],
   "source": [
    "os.getcwd()"
   ]
  },
  {
   "cell_type": "code",
   "execution_count": 33,
   "metadata": {},
   "outputs": [],
   "source": [
    "annot_path = \"ExDark_Annno\"\n",
    "\n",
    "for i in os.listdir(path):\n",
    "    count = 1\n",
    "    for j in os.listdir(f\"{path}/{i}\"):\n",
    "        if count <= 250:\n",
    "            shutil.move(f\"{annot_path}/{i}/{j}.txt\", f\"datasets/train/labels\")\n",
    "        elif 250 < count <= 400:\n",
    "            shutil.move(f\"{annot_path}/{i}/{j}.txt\", f\"datasets/val/labels\")\n",
    "        else:\n",
    "            shutil.move(f\"{annot_path}/{i}/{j}.txt\", f\"datasets/test/labels\")\n",
    "        count += 1"
   ]
  },
  {
   "cell_type": "markdown",
   "metadata": {},
   "source": [
    "Converting all the images to jpg format"
   ]
  },
  {
   "cell_type": "code",
   "execution_count": 34,
   "metadata": {},
   "outputs": [],
   "source": [
    "for i in os.listdir(\"Data\"):\n",
    "    for images in os.listdir(f\"Data/{i}/images\"):\n",
    "        name = images.split(\".\")[0]\n",
    "        format = images.split(\".\")[1]\n",
    "        if format != \"jpg\":\n",
    "            os.rename(f\"Data/{i}/images/{images}\", f\"Data/{i}/images/{name}.jpg\")"
   ]
  },
  {
   "cell_type": "markdown",
   "metadata": {},
   "source": [
    "Converting the annotations"
   ]
  },
  {
   "cell_type": "code",
   "execution_count": 5,
   "metadata": {},
   "outputs": [
    {
     "data": {
      "text/plain": [
       "{'Bicycle': 0,\n",
       " 'Boat': 1,\n",
       " 'Bottle': 2,\n",
       " 'Bus': 3,\n",
       " 'Car': 4,\n",
       " 'Cat': 5,\n",
       " 'Chair': 6,\n",
       " 'Cup': 7,\n",
       " 'Dog': 8,\n",
       " 'Motorbike': 9,\n",
       " 'People': 10,\n",
       " 'Table': 11}"
      ]
     },
     "execution_count": 5,
     "metadata": {},
     "output_type": "execute_result"
    }
   ],
   "source": [
    "class_names = os.listdir(\"ExDark\")\n",
    "class_dict = dict([(class_names[i], i) for i in range(len(class_names))])\n",
    "class_dict"
   ]
  },
  {
   "cell_type": "code",
   "execution_count": 71,
   "metadata": {},
   "outputs": [
    {
     "name": "stdout",
     "output_type": "stream",
     "text": [
      "0 0.34 0.072 0.287 0.302\n",
      "10 0.416 0.007 0.255 0.322\n",
      " Data/test/labels/2015_00401.jpg.txt\n",
      "\n",
      "0 0.31 0.397 0.109 0.184\n",
      "10 0.298 0.568 0.06 0.074\n",
      "10 0.004 0.385 0.182 0.429\n",
      "10 0.382 0.367 0.057 0.194\n",
      "10 0.409 0.348 0.061 0.183\n",
      "10 0.339 0.282 0.093 0.286\n",
      "10 0.199 0.3 0.13 0.371\n",
      "4 0.013 0.468 0.304 0.215\n",
      " Data/test/labels/2015_00402.jpg.txt\n",
      "\n",
      "0 0.465 0.131 0.194 0.21\n",
      "0 0.496 0.051 0.115 0.338\n",
      "4 0.008 0.189 0.368 0.435\n",
      "4 0.284 0.243 0.212 0.261\n",
      " Data/test/labels/2015_00403.jpg.txt\n",
      "\n",
      "0 0.007 0.446 0.31 0.237\n",
      "0 0.386 0.436 0.115 0.063\n",
      "0 0.153 0.393 0.253 0.201\n",
      "0 0.007 0.803 0.071 0.119\n",
      "0 0.199 0.607 0.117 0.077\n",
      "1 0.421 0.373 0.1 0.105\n",
      " Data/test/labels/2015_00404.jpg.txt\n",
      "\n",
      "0 0.465 0.378 0.095 0.062\n",
      "0 0.076 0.569 0.254 0.1\n",
      "4 0.508 0.243 0.182 0.067\n",
      "10 0.536 0.37 0.03 0.065\n",
      "10 0.509 0.383 0.035 0.072\n",
      "10 0.5 0.361 0.044 0.095\n",
      "10 0.557 0.31 0.044 0.089\n",
      "10 0.516 0.31 0.056 0.118\n",
      "10 0.543 0.275 0.065 0.116\n",
      " Data/test/labels/2015_00405.jpg.txt\n",
      "\n",
      "0 0.426 0.379 0.069 0.126\n",
      "0 0.562 0.359 0.036 0.042\n",
      "4 0.209 0.5 0.189 0.102\n",
      "4 0.239 0.388 0.267 0.105\n",
      " Data/test/labels/2015_00406.jpg.txt\n",
      "\n",
      "0 0.355 0.294 0.195 0.156\n",
      "0 0.504 0.227 0.154 0.114\n",
      "0 0.029 0.4 0.346 0.224\n",
      "10 0.013 0.321 0.168 0.497\n",
      "10 0.218 0.244 0.135 0.402\n",
      "10 0.374 0.209 0.104 0.314\n",
      "10 0.45 0.215 0.079 0.257\n",
      "10 0.437 0.199 0.107 0.258\n",
      "10 0.568 0.146 0.079 0.207\n",
      " Data/test/labels/2015_00407.jpg.txt\n",
      "\n",
      "0 0.08 0.579 0.221 0.119\n",
      "10 0.013 0.801 0.057 0.13\n",
      "10 0.074 0.739 0.071 0.116\n",
      "10 0.149 0.686 0.107 0.058\n",
      "10 0.252 0.589 0.088 0.071\n",
      "10 0.312 0.523 0.065 0.099\n",
      "10 0.353 0.503 0.043 0.101\n",
      "10 0.15 0.548 0.094 0.208\n",
      "10 0.387 0.476 0.048 0.089\n",
      "10 0.397 0.412 0.069 0.122\n",
      "10 0.349 0.443 0.057 0.151\n",
      "10 0.441 0.404 0.037 0.117\n",
      "10 0.44 0.344 0.062 0.153\n",
      "10 0.499 0.318 0.043 0.14\n",
      "10 0.58 0.311 0.044 0.064\n",
      "10 0.555 0.286 0.048 0.111\n",
      "4 0.007 0.483 0.356 0.154\n",
      "4 0.341 0.307 0.257 0.095\n",
      " Data/test/labels/2015_00408.jpg.txt\n",
      "\n",
      "0 0.2 0.355 0.285 0.16\n",
      "0 0.442 0.323 0.127 0.108\n",
      "4 0.101 0.232 0.467 0.2\n",
      "10 0.007 0.414 0.133 0.447\n",
      "10 0.068 0.238 0.231 0.463\n",
      "10 0.347 0.178 0.123 0.352\n",
      " Data/test/labels/2015_00409.jpg.txt\n",
      "\n",
      "0 0.019 0.199 0.514 0.269\n",
      "6 0.409 0.22 0.152 0.219\n",
      "5 0.385 0.199 0.222 0.194\n",
      " Data/test/labels/2015_00410.jpg.txt\n",
      "\n",
      "0 0.296 0.098 0.306 0.299\n",
      "6 0.189 0.46 0.214 0.137\n",
      "6 0.265 0.213 0.316 0.206\n",
      "10 0.646 0.208 0.067 0.079\n",
      " Data/test/labels/2015_00411.jpg.txt\n",
      "\n",
      "0 0.077 0.317 0.287 0.319\n",
      "10 0.429 0.406 0.058 0.108\n",
      "10 0.713 0.217 0.02 0.051\n",
      " Data/test/labels/2015_00412.jpg.txt\n",
      "\n",
      "0 0.378 0.265 0.17 0.186\n",
      "10 0.423 0.298 0.066 0.213\n",
      "10 0.423 0.175 0.119 0.282\n",
      " Data/test/labels/2015_00413.jpg.txt\n",
      "\n",
      "0 0.565 0.318 0.048 0.069\n",
      "10 0.474 0.271 0.062 0.193\n",
      "9 0.618 0.269 0.058 0.055\n",
      "4 0.007 0.735 0.173 0.085\n",
      "3 0.319 0.362 0.247 0.072\n",
      " Data/test/labels/2015_00414.jpg.txt\n",
      "\n",
      "0 0.36 0.422 0.085 0.133\n",
      "0 0.385 0.358 0.087 0.171\n",
      "0 0.472 0.272 0.127 0.128\n",
      "4 0.376 0.507 0.067 0.051\n",
      "10 0.38 0.358 0.078 0.185\n",
      "10 0.373 0.271 0.12 0.237\n",
      "10 0.514 0.196 0.094 0.196\n",
      "10 0.182 0.564 0.079 0.175\n",
      "10 0.094 0.453 0.102 0.351\n",
      "10 0.008 0.386 0.17 0.436\n",
      "10 0.166 0.39 0.15 0.294\n",
      "3 0.269 0.217 0.328 0.187\n",
      " Data/test/labels/2015_00415.jpg.txt\n",
      "\n",
      "0 0.016 0.726 0.141 0.117\n",
      " Data/test/labels/2015_00416.jpg.txt\n",
      "\n",
      "0 0.27 0.575 0.089 0.066\n",
      "4 0.337 0.472 0.126 0.065\n",
      "4 0.018 0.777 0.134 0.072\n",
      "10 0.05 0.761 0.061 0.128\n",
      "10 0.116 0.71 0.05 0.124\n",
      "10 0.418 0.466 0.042 0.073\n",
      "10 0.466 0.471 0.022 0.042\n",
      " Data/test/labels/2015_00417.jpg.txt\n",
      "\n",
      "0 0.137 0.278 0.314 0.271\n",
      "10 0.638 0.252 0.04 0.07\n",
      "10 0.596 0.18 0.044 0.179\n",
      "10 0.434 0.317 0.072 0.177\n",
      "10 0.205 0.1 0.185 0.509\n",
      " Data/test/labels/2015_00418.jpg.txt\n",
      "\n",
      "0 0.36 0.046 0.36 0.234\n",
      " Data/test/labels/2015_00419.jpg.txt\n",
      "\n",
      "0 0.206 0.592 0.121 0.08\n",
      "10 0.251 0.584 0.059 0.106\n",
      "6 0.142 0.761 0.047 0.051\n",
      "4 0.013 0.74 0.151 0.096\n",
      "4 0.369 0.551 0.051 0.03\n",
      "4 0.395 0.495 0.07 0.04\n",
      "4 0.446 0.414 0.091 0.05\n",
      "4 0.473 0.387 0.081 0.059\n",
      " Data/test/labels/2015_00420.jpg.txt\n",
      "\n",
      "0 0.012 0.618 0.143 0.227\n",
      "10 0.271 0.427 0.092 0.209\n",
      "10 0.493 0.391 0.036 0.079\n",
      "10 0.475 0.32 0.089 0.116\n",
      "10 0.453 0.419 0.059 0.07\n",
      "10 0.411 0.464 0.051 0.074\n",
      " Data/test/labels/2015_00421.jpg.txt\n",
      "\n",
      "0 0.036 0.084 0.537 0.342\n",
      "6 0.217 0.15 0.431 0.201\n",
      " Data/test/labels/2015_00422.jpg.txt\n",
      "\n",
      "0 0.318 0.341 0.176 0.165\n",
      "0 0.405 0.265 0.167 0.162\n",
      "10 0.374 0.313 0.091 0.222\n",
      "10 0.476 0.15 0.112 0.263\n",
      " Data/test/labels/2015_00423.jpg.txt\n",
      "\n",
      "0 0.039 0.647 0.123 0.191\n",
      "10 0.161 0.713 0.05 0.076\n",
      "10 0.121 0.668 0.058 0.153\n",
      "3 0.091 0.307 0.318 0.283\n",
      " Data/test/labels/2015_00424.jpg.txt\n",
      "\n",
      "0 0.112 0.547 0.153 0.188\n",
      "10 0.352 0.399 0.084 0.165\n",
      " Data/test/labels/2015_00425.jpg.txt\n",
      "\n",
      "0 0.112 0.465 0.162 0.261\n",
      "10 0.131 0.352 0.131 0.386\n",
      "10 0.158 0.395 0.166 0.281\n",
      "10 0.235 0.314 0.126 0.326\n",
      "10 0.298 0.259 0.096 0.347\n",
      "10 0.273 0.238 0.119 0.37\n",
      "10 0.332 0.183 0.099 0.387\n",
      " Data/test/labels/2015_00426.jpg.txt\n",
      "\n",
      "0 0.352 0.309 0.224 0.116\n",
      "0 0.012 0.457 0.356 0.174\n",
      "10 0.267 0.295 0.213 0.226\n",
      "10 0.457 0.247 0.091 0.204\n",
      "10 0.501 0.069 0.142 0.288\n",
      " Data/test/labels/2015_00427.jpg.txt\n",
      "\n",
      "0 0.432 0.43 0.051 0.087\n",
      "0 0.464 0.387 0.071 0.078\n",
      "0 0.385 0.508 0.042 0.066\n",
      "0 0.424 0.465 0.041 0.07\n",
      "0 0.442 0.44 0.043 0.076\n",
      "0 0.524 0.365 0.053 0.058\n",
      "0 0.511 0.409 0.029 0.051\n",
      "0 0.532 0.402 0.03 0.036\n",
      "10 0.495 0.336 0.048 0.121\n",
      "10 0.542 0.375 0.029 0.054\n",
      "10 0.549 0.389 0.02 0.042\n",
      "10 0.541 0.336 0.059 0.064\n",
      "10 0.498 0.322 0.078 0.102\n",
      "10 0.57 0.322 0.052 0.055\n",
      "10 0.554 0.278 0.049 0.118\n",
      "10 0.604 0.319 0.041 0.036\n",
      "10 0.397 0.407 0.149 0.047\n",
      " Data/test/labels/2015_00428.jpg.txt\n",
      "\n",
      "0 0.238 0.255 0.21 0.297\n",
      "1 0.027 0.218 0.575 0.18\n",
      " Data/test/labels/2015_00429.jpg.txt\n",
      "\n",
      "0 0.141 0.277 0.221 0.362\n",
      "10 0.169 0.095 0.221 0.516\n",
      " Data/test/labels/2015_00430.jpg.txt\n",
      "\n",
      "0 0.006 0.337 0.377 0.28\n",
      "0 0.277 0.235 0.295 0.193\n",
      "10 0.437 0.131 0.131 0.301\n",
      "10 0.102 0.073 0.272 0.553\n",
      " Data/test/labels/2015_00431.jpg.txt\n",
      "\n",
      "0 0.007 0.326 0.4 0.266\n",
      "0 0.262 0.204 0.229 0.305\n",
      "0 0.375 0.173 0.269 0.184\n",
      "10 0.101 0.082 0.235 0.583\n",
      "10 0.549 0.125 0.099 0.227\n",
      "10 0.304 0.043 0.158 0.495\n",
      "10 0.606 0.084 0.111 0.198\n",
      "10 0.463 0.025 0.158 0.354\n",
      " Data/test/labels/2015_00432.jpg.txt\n",
      "\n",
      "0 0.268 0.266 0.19 0.276\n",
      "0 0.467 0.187 0.129 0.216\n",
      "6 0.227 0.316 0.199 0.258\n",
      "10 0.275 0.063 0.215 0.447\n",
      "10 0.54 0.158 0.099 0.203\n",
      "10 0.532 0.102 0.109 0.257\n",
      "10 0.025 0.226 0.291 0.458\n",
      " Data/test/labels/2015_00433.jpg.txt\n",
      "\n",
      "0 0.438 0.256 0.184 0.121\n",
      "0 0.335 0.328 0.192 0.145\n",
      "0 0.168 0.367 0.272 0.194\n",
      "10 0.297 0.277 0.135 0.29\n",
      "10 0.429 0.236 0.123 0.212\n",
      "10 0.504 0.223 0.104 0.168\n",
      "10 0.545 0.189 0.085 0.181\n",
      " Data/test/labels/2015_00434.jpg.txt\n",
      "\n",
      "0 0.018 0.047 0.558 0.378\n",
      " Data/test/labels/2015_00435.jpg.txt\n",
      "\n",
      "0 0.01 0.252 0.596 0.142\n",
      "0 0.035 0.469 0.264 0.232\n",
      "0 0.248 0.41 0.121 0.222\n",
      "0 0.279 0.422 0.092 0.207\n",
      "0 0.351 0.328 0.137 0.184\n",
      "0 0.431 0.225 0.204 0.139\n",
      "0 0.627 0.2 0.083 0.09\n",
      "10 0.05 0.466 0.205 0.279\n",
      "10 0.455 0.253 0.104 0.188\n",
      "10 0.579 0.19 0.081 0.15\n",
      "10 0.761 0.139 0.03 0.07\n",
      "10 0.735 0.14 0.041 0.084\n",
      "10 0.721 0.138 0.032 0.109\n",
      "10 0.71 0.145 0.042 0.102\n",
      "10 0.703 0.15 0.041 0.106\n",
      "10 0.687 0.151 0.042 0.12\n",
      "10 0.587 0.155 0.137 0.121\n",
      "10 0.591 0.209 0.061 0.139\n",
      "10 0.563 0.212 0.065 0.16\n",
      "10 0.512 0.256 0.076 0.155\n",
      "10 0.351 0.245 0.219 0.185\n",
      "10 0.155 0.328 0.31 0.207\n",
      " Data/test/labels/2015_00436.JPEG.txt\n",
      "\n",
      "0 0.364 0.412 0.12 0.104\n",
      "0 0.46 0.363 0.102 0.075\n",
      "0 0.472 0.306 0.131 0.09\n",
      " Data/test/labels/2015_00437.JPEG.txt\n",
      "\n",
      "0 0.579 0.286 0.058 0.077\n",
      "10 0.618 0.31 0.019 0.053\n",
      "4 0.607 0.298 0.042 0.053\n",
      "4 0.594 0.276 0.064 0.066\n",
      " Data/test/labels/2015_00438.JPEG.txt\n",
      "\n",
      "0 0.398 0.297 0.12 0.184\n",
      " Data/test/labels/2015_00439.JPEG.txt\n",
      "\n",
      "0 0.09 0.297 0.34 0.274\n",
      "0 0.183 0.375 0.268 0.174\n",
      "0 0.038 0.519 0.15 0.293\n",
      "0 0.213 0.503 0.169 0.115\n",
      "0 0.007 0.703 0.075 0.215\n",
      "10 0.017 0.487 0.121 0.376\n",
      "10 0.269 0.453 0.082 0.196\n",
      "10 0.045 0.379 0.171 0.405\n",
      "10 0.261 0.293 0.156 0.289\n",
      "10 0.164 0.091 0.272 0.473\n",
      " Data/test/labels/2015_00440.JPEG.txt\n",
      "\n",
      "0 0.394 0.235 0.094 0.277\n",
      "10 0.541 0.367 0.032 0.061\n",
      "10 0.556 0.333 0.047 0.064\n",
      "10 0.586 0.322 0.039 0.052\n",
      "10 0.289 0.273 0.124 0.313\n",
      " Data/test/labels/2015_00441.JPEG.txt\n",
      "\n",
      "0 0.083 0.526 0.23 0.161\n",
      "10 0.093 0.667 0.061 0.179\n",
      " Data/test/labels/2015_00442.JPEG.txt\n",
      "\n",
      "0 0.289 0.287 0.151 0.272\n",
      "10 0.343 0.365 0.084 0.208\n",
      "10 0.594 0.205 0.074 0.127\n",
      " Data/test/labels/2015_00443.JPEG.txt\n",
      "\n",
      "0 0.21 0.19 0.392 0.208\n",
      "0 0.004 0.203 0.358 0.435\n",
      "0 0.388 0.064 0.241 0.307\n",
      " Data/test/labels/2015_00444.jpg.txt\n",
      "\n",
      "0 0.117 0.357 0.234 0.292\n",
      "9 0.565 0.262 0.072 0.101\n",
      "9 0.471 0.217 0.153 0.158\n",
      "9 0.418 0.281 0.175 0.126\n",
      "10 0.122 0.252 0.221 0.405\n",
      "10 0.491 0.377 0.042 0.09\n",
      "10 0.528 0.245 0.091 0.137\n",
      "10 0.401 0.277 0.121 0.201\n",
      "10 0.581 0.21 0.104 0.105\n",
      "10 0.514 0.167 0.093 0.226\n",
      "4 0.194 0.552 0.151 0.103\n",
      "4 0.08 0.674 0.134 0.112\n",
      " Data/test/labels/2015_00445.JPEG.txt\n",
      "\n",
      "0 0.473 0.25 0.111 0.167\n",
      "0 0.119 0.283 0.244 0.353\n",
      "0 0.432 0.306 0.092 0.169\n",
      "10 0.511 0.184 0.087 0.218\n",
      "10 0.454 0.21 0.089 0.247\n",
      "10 0.175 0.112 0.236 0.478\n",
      " Data/test/labels/2015_00446.jpg.txt\n",
      "\n",
      "0 0.174 0.203 0.305 0.318\n",
      "10 0.401 0.251 0.195 0.152\n",
      " Data/test/labels/2015_00447.jpg.txt\n",
      "\n",
      "0 0.134 0.294 0.301 0.271\n",
      "10 0.303 0.128 0.186 0.383\n",
      " Data/test/labels/2015_00448.jpg.txt\n",
      "\n",
      "0 0.305 0.397 0.17 0.128\n",
      "10 0.381 0.363 0.096 0.161\n",
      " Data/test/labels/2015_00449.JPG.txt\n",
      "\n",
      "0 0.331 0.173 0.216 0.28\n",
      "0 0.331 0.328 0.129 0.212\n",
      "10 0.369 0.021 0.213 0.398\n",
      " Data/test/labels/2015_00450.jpg.txt\n",
      "\n",
      "0 0.317 0.248 0.183 0.252\n",
      "4 0.377 0.237 0.266 0.121\n",
      "4 0.051 0.257 0.486 0.206\n",
      "4 0.513 0.227 0.175 0.085\n",
      " Data/test/labels/2015_00451.JPG.txt\n",
      "\n",
      "0 0.37 0.229 0.172 0.229\n",
      "4 0.419 0.306 0.199 0.076\n",
      "10 0.188 0.536 0.092 0.185\n",
      "0 0.548 0.154 0.12 0.177\n",
      " Data/test/labels/2015_00452.JPG.txt\n",
      "\n",
      "0 0.398 0.22 0.179 0.203\n",
      "0 0.345 0.255 0.227 0.173\n",
      "4 0.523 0.273 0.105 0.099\n",
      "4 0.593 0.236 0.107 0.064\n",
      "4 0.606 0.213 0.112 0.07\n",
      "10 0.724 0.176 0.032 0.068\n",
      "10 0.733 0.165 0.028 0.074\n",
      " Data/test/labels/2015_00453.JPG.txt\n",
      "\n",
      "0 0.477 0.22 0.119 0.184\n",
      "10 0.508 0.325 0.038 0.129\n",
      "10 0.527 0.306 0.048 0.119\n",
      "4 0.065 0.565 0.234 0.137\n",
      "4 0.246 0.465 0.167 0.122\n",
      " Data/test/labels/2015_00454.JPG.txt\n",
      "\n",
      "0 0.321 0.206 0.179 0.294\n",
      "4 0.47 0.187 0.244 0.099\n",
      "4 0.111 0.186 0.507 0.196\n",
      "4 0.019 0.279 0.387 0.315\n",
      " Data/test/labels/2015_00455.JPG.txt\n",
      "\n",
      "0 0.402 0.187 0.15 0.262\n",
      "10 0.353 0.338 0.09 0.219\n",
      "10 0.144 0.463 0.095 0.299\n",
      " Data/test/labels/2015_00456.JPG.txt\n",
      "\n",
      "0 0.293 0.233 0.239 0.236\n",
      "9 0.49 0.352 0.082 0.076\n",
      "4 0.49 0.285 0.143 0.082\n",
      "5 0.521 0.254 0.145 0.08\n",
      "5 0.051 0.704 0.112 0.132\n",
      "10 0.159 0.426 0.144 0.271\n",
      " Data/test/labels/2015_00457.JPG.txt\n",
      "\n",
      "0 0.248 0.264 0.26 0.228\n",
      "4 0.524 0.36 0.06 0.057\n",
      "4 0.521 0.292 0.124 0.063\n",
      "4 0.56 0.256 0.105 0.078\n",
      " Data/test/labels/2015_00458.JPG.txt\n",
      "\n",
      "0 0.242 0.267 0.155 0.336\n",
      "10 0.466 0.369 0.052 0.112\n",
      "10 0.424 0.418 0.041 0.117\n",
      " Data/test/labels/2015_00459.JPG.txt\n",
      "\n",
      "0 0.267 0.293 0.214 0.225\n",
      "4 0.628 0.225 0.082 0.065\n",
      " Data/test/labels/2015_00460.JPG.txt\n",
      "\n",
      "0 0.221 0.459 0.191 0.129\n",
      "4 0.512 0.429 0.031 0.028\n",
      "10 0.303 0.451 0.087 0.159\n",
      " Data/test/labels/2015_00461.jpg.txt\n",
      "\n",
      "0 0.459 0.323 0.086 0.132\n",
      "10 0.476 0.406 0.069 0.049\n",
      "4 0.426 0.411 0.099 0.064\n",
      "4 0.523 0.388 0.049 0.04\n",
      "4 0.522 0.348 0.074 0.056\n",
      "10 0.607 0.333 0.023 0.037\n",
      "10 0.629 0.319 0.018 0.035\n",
      "10 0.477 0.264 0.079 0.179\n",
      " Data/test/labels/2015_00462.jpg.txt\n",
      "\n",
      "0 0.455 0.272 0.124 0.149\n",
      "0 0.403 0.42 0.078 0.099\n",
      "0 0.342 0.492 0.068 0.098\n",
      "10 0.436 0.401 0.05 0.114\n",
      "10 0.495 0.211 0.104 0.191\n",
      "10 0.362 0.448 0.056 0.134\n",
      " Data/test/labels/2015_00463.jpg.txt\n",
      "\n",
      "0 0.383 0.277 0.158 0.183\n",
      "4 0.613 0.242 0.091 0.055\n",
      "4 0.656 0.219 0.068 0.057\n",
      "10 0.441 0.189 0.121 0.249\n",
      "10 0.598 0.149 0.058 0.196\n",
      " Data/test/labels/2015_00464.jpg.txt\n",
      "\n",
      "0 0.225 0.221 0.313 0.241\n",
      "0 0.494 0.179 0.187 0.14\n",
      "10 0.337 0.076 0.205 0.381\n",
      "10 0.536 0.08 0.146 0.239\n",
      " Data/test/labels/2015_00465.jpeg.txt\n",
      "\n",
      "0 0.227 0.342 0.163 0.268\n",
      "0 0.388 0.33 0.142 0.139\n",
      "10 0.099 0.435 0.168 0.298\n",
      "10 0.173 0.258 0.197 0.372\n",
      "10 0.477 0.329 0.063 0.131\n",
      "10 0.463 0.281 0.046 0.21\n",
      "10 0.526 0.319 0.046 0.11\n",
      "10 0.583 0.283 0.056 0.077\n",
      " Data/test/labels/2015_00466.jpg.txt\n",
      "\n",
      "0 0.379 0.224 0.213 0.185\n",
      "0 0.077 0.281 0.353 0.289\n",
      "10 0.054 0.079 0.252 0.615\n",
      "10 0.487 0.109 0.105 0.299\n",
      " Data/test/labels/2015_00467.jpg.txt\n",
      "\n",
      "0 0.019 0.014 0.57 0.397\n",
      "10 0.226 0.004 0.279 0.491\n",
      " Data/test/labels/2015_00468.jpg.txt\n",
      "\n",
      "0 0.471 0.209 0.12 0.2\n",
      "0 0.075 0.393 0.271 0.261\n",
      "10 0.33 0.189 0.176 0.305\n",
      "10 0.09 0.167 0.25 0.494\n",
      "10 0.517 0.112 0.099 0.272\n",
      " Data/test/labels/2015_00469.jpg.txt\n",
      "\n",
      "0 0.32 0.3 0.148 0.232\n",
      "0 0.425 0.263 0.133 0.179\n",
      "0 0.411 0.222 0.162 0.206\n",
      "0 0.014 0.399 0.249 0.338\n",
      "10 0.021 0.21 0.248 0.522\n",
      "10 0.394 0.234 0.111 0.261\n",
      "10 0.453 0.178 0.104 0.266\n",
      "10 0.615 0.176 0.084 0.125\n",
      "10 0.466 0.114 0.115 0.304\n",
      " Data/test/labels/2015_00470.jpg.txt\n",
      "\n",
      "0 0.352 0.356 0.132 0.16\n",
      "0 0.315 0.441 0.105 0.139\n",
      "0 0.395 0.445 0.061 0.098\n",
      "10 0.434 0.422 0.046 0.097\n",
      "10 0.365 0.401 0.07 0.164\n",
      "10 0.392 0.305 0.116 0.187\n",
      " Data/test/labels/2015_00471.jpg.txt\n",
      "\n",
      "0 0.26 0.368 0.173 0.198\n",
      "0 0.373 0.33 0.118 0.18\n",
      "10 0.03 0.685 0.104 0.181\n",
      "10 0.3 0.276 0.154 0.271\n",
      "10 0.409 0.279 0.101 0.212\n",
      " Data/test/labels/2015_00472.jpg.txt\n",
      "\n",
      "0 0.135 0.473 0.195 0.197\n",
      "0 0.478 0.35 0.101 0.071\n",
      "0 0.553 0.331 0.064 0.051\n",
      "10 0.134 0.398 0.178 0.29\n",
      "10 0.542 0.356 0.044 0.059\n",
      "10 0.558 0.345 0.028 0.068\n",
      "10 0.57 0.313 0.04 0.078\n",
      " Data/test/labels/2015_00473.jpg.txt\n",
      "\n",
      "0 0.228 0.369 0.208 0.196\n",
      "0 0.394 0.29 0.18 0.136\n",
      "10 0.26 0.282 0.155 0.303\n",
      "10 0.437 0.259 0.102 0.202\n",
      " Data/test/labels/2015_00474.jpg.txt\n",
      "\n",
      "0 0.152 0.209 0.386 0.253\n",
      " Data/test/labels/2015_00475.jpg.txt\n",
      "\n",
      "0 0.148 0.247 0.388 0.217\n",
      "10 0.233 0.175 0.207 0.385\n",
      "10 0.359 0.125 0.164 0.351\n",
      "0 0.011 0.633 0.187 0.169\n",
      " Data/test/labels/2015_00476.jpg.txt\n",
      "\n",
      "0 0.23 0.241 0.277 0.253\n",
      "4 0.612 0.203 0.108 0.077\n",
      "10 0.382 0.143 0.139 0.336\n",
      " Data/test/labels/2015_00477.jpg.txt\n",
      "\n",
      "0 0.055 0.452 0.308 0.185\n",
      " Data/test/labels/2015_00478.jpg.txt\n",
      "\n",
      "0 0.2 0.166 0.356 0.277\n",
      "4 0.012 0.493 0.305 0.19\n",
      "4 0.226 0.4 0.21 0.164\n",
      "4 0.273 0.297 0.295 0.135\n",
      " Data/test/labels/2015_00479.jpg.txt\n",
      "\n",
      "0 0.082 0.251 0.321 0.346\n",
      "10 0.123 0.141 0.239 0.497\n",
      " Data/test/labels/2015_00480.jpg.txt\n",
      "\n",
      "0 0.235 0.07 0.306 0.389\n",
      " Data/test/labels/2015_00481.jpg.txt\n",
      "\n",
      "0 0.209 0.009 0.318 0.464\n",
      "0 0.026 0.367 0.215 0.392\n",
      "4 0.398 0.492 0.063 0.046\n",
      "10 0.275 0.474 0.127 0.124\n",
      " Data/test/labels/2015_00482.jpg.txt\n",
      "\n",
      "0 0.116 0.148 0.251 0.486\n",
      "0 0.41 0.272 0.131 0.187\n",
      " Data/test/labels/2015_00483.jpg.txt\n",
      "\n",
      "0 0.192 0.442 0.192 0.173\n",
      "10 0.605 0.236 0.046 0.113\n",
      " Data/test/labels/2015_00484.jpg.txt\n",
      "\n",
      "0 0.044 0.426 0.316 0.214\n",
      "4 0.32 0.538 0.08 0.062\n",
      "6 0.443 0.459 0.047 0.051\n",
      " Data/test/labels/2015_00485.jpg.txt\n",
      "\n",
      "0 0.042 0.33 0.273 0.355\n",
      "0 0.531 0.164 0.116 0.189\n",
      "0 0.593 0.24 0.076 0.091\n",
      " Data/test/labels/2015_00486.jpg.txt\n",
      "\n",
      "0 0.073 0.116 0.442 0.369\n",
      "6 0.343 0.185 0.182 0.291\n",
      " Data/test/labels/2015_00487.jpg.txt\n",
      "\n",
      "0 0.218 0.252 0.205 0.324\n",
      "0 0.416 0.206 0.168 0.21\n",
      "0 0.536 0.179 0.113 0.171\n",
      " Data/test/labels/2015_00488.jpg.txt\n",
      "\n",
      "0 0.142 0.384 0.286 0.188\n",
      " Data/test/labels/2015_00489.jpg.txt\n",
      "\n",
      "0 0.251 0.493 0.137 0.118\n",
      "4 0.431 0.375 0.115 0.079\n",
      "10 0.439 0.412 0.061 0.088\n",
      "10 0.514 0.348 0.043 0.096\n",
      "10 0.302 0.471 0.078 0.149\n",
      " Data/test/labels/2015_00490.jpg.txt\n",
      "\n",
      "0 0.201 0.465 0.159 0.175\n",
      "9 0.116 0.518 0.199 0.167\n",
      "9 0.27 0.451 0.123 0.156\n",
      "4 0.278 0.371 0.217 0.134\n",
      " Data/test/labels/2015_00491.jpg.txt\n",
      "\n",
      "0 0.169 0.293 0.21 0.327\n",
      " Data/test/labels/2015_00492.jpg.txt\n",
      "\n",
      "0 0.018 0.299 0.411 0.272\n",
      " Data/test/labels/2015_00493.jpg.txt\n",
      "\n",
      "0 0.004 0.539 0.241 0.217\n",
      " Data/test/labels/2015_00494.jpg.txt\n",
      "\n",
      "0 0.277 0.176 0.275 0.273\n",
      " Data/test/labels/2015_00495.jpg.txt\n",
      "\n",
      "0 0.076 0.269 0.219 0.436\n",
      " Data/test/labels/2015_00496.jpg.txt\n",
      "\n",
      "0 0.205 0.047 0.453 0.296\n",
      " Data/test/labels/2015_00497.jpg.txt\n",
      "\n",
      "0 0.099 0.454 0.271 0.176\n",
      "0 0.268 0.638 0.04 0.054\n",
      "0 0.394 0.512 0.062 0.033\n",
      " Data/test/labels/2015_00498.jpg.txt\n",
      "\n",
      "0 0.075 0.266 0.405 0.254\n",
      "0 0.34 0.208 0.278 0.174\n",
      "4 0.105 0.208 0.428 0.259\n",
      "10 0.004 0.119 0.267 0.61\n",
      "10 0.452 0.084 0.141 0.324\n",
      " Data/test/labels/2015_00499.jpg.txt\n",
      "\n",
      "0 0.341 0.206 0.278 0.175\n",
      "10 0.453 0.108 0.138 0.301\n",
      " Data/test/labels/2015_00500.jpg.txt\n",
      "\n",
      "0 0.11 0.176 0.424 0.289\n",
      "10 0.344 0.242 0.178 0.236\n",
      "10 0.624 0.187 0.073 0.117\n",
      " Data/test/labels/2015_00501.jpg.txt\n",
      "\n",
      "0 0.355 0.275 0.191 0.179\n",
      " Data/test/labels/2015_00502.jpg.txt\n",
      "\n",
      "0 0.17 0.097 0.216 0.517\n",
      " Data/test/labels/2015_00503.png.txt\n",
      "\n",
      "0 0.143 0.113 0.25 0.494\n",
      " Data/test/labels/2015_00504.png.txt\n",
      "\n",
      "0 0.104 0.149 0.45 0.298\n",
      " Data/test/labels/2015_00505.png.txt\n",
      "\n",
      "0 0.103 0.074 0.445 0.378\n",
      " Data/test/labels/2015_00506.png.txt\n",
      "\n",
      "0 0.101 0.068 0.441 0.39\n",
      " Data/test/labels/2015_00507.png.txt\n",
      "\n",
      "0 0.117 0.139 0.456 0.288\n",
      "0 0.51 0.076 0.261 0.153\n",
      "0 0.004 0.334 0.424 0.238\n",
      "0 0.332 0.137 0.333 0.197\n",
      " Data/test/labels/2015_00508.jpg.txt\n",
      "\n",
      "0 0.108 0.085 0.44 0.367\n",
      "0 0.008 0.079 0.513 0.401\n",
      " Data/test/labels/2015_00509.jpg.txt\n",
      "\n",
      "0 0.253 0.122 0.263 0.362\n",
      " Data/test/labels/2015_00510.png.txt\n",
      "\n",
      "0 0.161 0.061 0.34 0.438\n",
      " Data/test/labels/2015_00511.jpg.txt\n",
      "\n",
      "0 0.048 0.272 0.39 0.29\n",
      "10 0.211 0.136 0.193 0.461\n",
      " Data/test/labels/2015_00512.jpg.txt\n",
      "\n",
      "0 0.131 0.409 0.27 0.19\n",
      " Data/test/labels/2015_00513.jpg.txt\n",
      "\n",
      "0 0.367 0.072 0.257 0.304\n",
      " Data/test/labels/2015_00514.jpg.txt\n",
      "\n",
      "0 0.196 0.41 0.225 0.168\n",
      " Data/test/labels/2015_00515.jpg.txt\n",
      "\n",
      "0 0.064 0.429 0.218 0.289\n",
      " Data/test/labels/2015_00516.jpg.txt\n",
      "\n",
      "0 0.145 0.013 0.328 0.513\n",
      " Data/test/labels/2015_00517.jpg.txt\n",
      "\n",
      "0 0.008 0.189 0.295 0.508\n",
      " Data/test/labels/2015_00518.jpg.txt\n",
      "\n",
      "0 0.035 0.003 0.572 0.391\n",
      " Data/test/labels/2015_00519.jpg.txt\n",
      "\n",
      "0 0.115 0.14 0.462 0.283\n",
      "4 0.117 0.506 0.212 0.165\n",
      "4 0.314 0.345 0.263 0.078\n",
      " Data/test/labels/2015_00520.jpg.txt\n",
      "\n",
      "0 0.282 0.217 0.309 0.192\n",
      " Data/test/labels/2015_00521.jpg.txt\n",
      "\n",
      "0 0.152 0.197 0.413 0.238\n",
      "4 0.028 0.166 0.555 0.251\n",
      "10 0.288 0.02 0.227 0.465\n",
      " Data/test/labels/2015_00522.jpg.txt\n",
      "\n",
      "0 0.107 0.129 0.469 0.295\n",
      " Data/test/labels/2015_00523.jpg.txt\n",
      "\n",
      "0 0.203 0.021 0.24 0.537\n",
      "4 0.442 0.142 0.208 0.208\n",
      " Data/test/labels/2015_00524.jpg.txt\n",
      "\n",
      "0 0.113 0.292 0.3 0.295\n",
      "0 0.348 0.247 0.172 0.233\n",
      "0 0.458 0.211 0.137 0.195\n",
      " Data/test/labels/2015_00525.jpg.txt\n",
      "\n",
      "0 0.34 0.272 0.205 0.183\n",
      "0 0.436 0.256 0.163 0.145\n",
      " Data/test/labels/2015_00526.jpg.txt\n",
      "\n",
      "0 0.085 0.281 0.362 0.272\n",
      "0 0.269 0.226 0.309 0.197\n",
      "10 0.182 0.13 0.226 0.462\n",
      "10 0.369 0.072 0.154 0.405\n",
      " Data/test/labels/2015_00527.jpg.txt\n",
      "\n",
      "0 0.126 0.428 0.203 0.244\n",
      "6 0.275 0.612 0.039 0.075\n",
      "6 0.23 0.631 0.055 0.083\n",
      " Data/test/labels/2015_00528.jpg.txt\n",
      "\n",
      "0 0.069 0.139 0.401 0.392\n",
      "10 0.126 0.004 0.356 0.514\n",
      " Data/test/labels/2015_00529.jpg.txt\n",
      "\n",
      "0 0.418 0.277 0.122 0.184\n",
      "0 0.652 0.215 0.073 0.06\n",
      "10 0.492 0.188 0.079 0.241\n",
      "10 0.672 0.24 0.035 0.052\n",
      " Data/test/labels/2015_00530.jpg.txt\n",
      "\n",
      "0 0.385 0.056 0.155 0.404\n",
      "9 0.018 0.016 0.432 0.534\n",
      "10 0.331 0.006 0.252 0.411\n",
      " Data/test/labels/2015_00531.jpg.txt\n",
      "\n",
      "0 0.309 0.305 0.181 0.204\n",
      "0 0.406 0.218 0.204 0.172\n",
      "0 0.504 0.216 0.165 0.116\n",
      "0 0.488 0.248 0.132 0.132\n",
      "0 0.592 0.22 0.102 0.086\n",
      " Data/test/labels/2015_00532.jpg.txt\n",
      "\n",
      "0 0.016 0.627 0.193 0.163\n",
      "6 0.438 0.368 0.127 0.066\n",
      "10 0.111 0.566 0.081 0.242\n",
      " Data/test/labels/2015_00533.jpg.txt\n",
      "\n",
      "0 0.007 0.31 0.398 0.285\n",
      "10 0.462 0.133 0.093 0.311\n",
      " Data/test/labels/2015_00534.jpg.txt\n",
      "\n",
      "0 0.433 0.196 0.165 0.207\n",
      "10 0.507 0.371 0.052 0.07\n",
      "10 0.52 0.338 0.067 0.074\n",
      "10 0.551 0.3 0.047 0.101\n",
      "4 0.14 0.321 0.383 0.156\n",
      "4 0.446 0.207 0.232 0.115\n",
      " Data/test/labels/2015_00535.jpg.txt\n",
      "\n",
      "0 0.274 0.302 0.186 0.238\n",
      "0 0.041 0.405 0.273 0.281\n",
      "4 0.331 0.447 0.143 0.079\n",
      "4 0.539 0.317 0.088 0.055\n",
      "4 0.586 0.274 0.081 0.059\n",
      "4 0.62 0.242 0.065 0.074\n",
      "4 0.609 0.217 0.1 0.074\n",
      "4 0.514 0.178 0.169 0.138\n",
      "9 0.35 0.41 0.097 0.143\n",
      "10 0.366 0.347 0.1 0.187\n",
      "10 0.094 0.379 0.127 0.4\n",
      "10 0.291 0.591 0.059 0.059\n",
      "10 0.353 0.193 0.125 0.33\n",
      "10 0.469 0.075 0.133 0.323\n",
      " Data/test/labels/2015_00536.jpg.txt\n",
      "\n",
      "0 0.08 0.365 0.272 0.283\n",
      " Data/test/labels/2015_00537.jpg.txt\n",
      "\n",
      "0 0.47 0.002 0.198 0.33\n",
      "0 0.499 0.136 0.123 0.241\n",
      "4 0.356 0.387 0.109 0.148\n",
      "4 0.076 0.349 0.323 0.252\n",
      " Data/test/labels/2015_00538.jpg.txt\n",
      "\n",
      "0 0.424 0.08 0.267 0.23\n",
      "0 0.012 0.54 0.141 0.306\n",
      " Data/test/labels/2015_00539.jpg.txt\n",
      "\n",
      "0 0.11 0.299 0.35 0.241\n",
      "10 0.221 0.205 0.215 0.359\n",
      " Data/test/labels/2015_00540.jpg.txt\n",
      "\n",
      "0 0.216 0.428 0.106 0.251\n",
      "0 0.056 0.379 0.346 0.219\n",
      "0 0.152 0.498 0.141 0.209\n",
      "0 0.362 0.423 0.115 0.1\n",
      "0 0.415 0.4 0.097 0.087\n",
      "0 0.357 0.494 0.073 0.076\n",
      " Data/test/labels/2015_00541.jpg.txt\n",
      "\n",
      "0 0.372 0.314 0.123 0.191\n",
      "0 0.121 0.441 0.174 0.265\n",
      "0 0.279 0.342 0.136 0.243\n",
      "0 0.474 0.293 0.104 0.128\n",
      "0 0.446 0.236 0.09 0.227\n",
      "10 0.051 0.253 0.16 0.536\n",
      "10 0.243 0.192 0.167 0.397\n",
      "10 0.404 0.211 0.09 0.295\n",
      "10 0.499 0.204 0.07 0.227\n",
      "10 0.423 0.122 0.148 0.307\n",
      " Data/test/labels/2015_00542.jpg.txt\n",
      "\n",
      "0 0.232 0.141 0.354 0.272\n",
      " Data/test/labels/2015_00543.jpg.txt\n",
      "\n",
      "0 0.027 0.221 0.424 0.327\n",
      " Data/test/labels/2015_00544.jpg.txt\n",
      "\n",
      "0 0.102 0.133 0.447 0.319\n",
      "0 0.384 0.082 0.253 0.281\n",
      " Data/test/labels/2015_00545.jpg.txt\n",
      "\n",
      "0 0.027 0.333 0.313 0.326\n",
      "0 0.219 0.342 0.239 0.2\n",
      "10 0.468 0.412 0.037 0.082\n",
      " Data/test/labels/2015_00546.jpg.txt\n",
      "\n",
      "0 0.264 0.308 0.222 0.206\n",
      "0 0.115 0.337 0.255 0.292\n",
      "0 0.006 0.439 0.245 0.31\n",
      "0 0.56 0.224 0.13 0.085\n",
      " Data/test/labels/2015_00547.jpg.txt\n",
      "\n",
      "0 0.238 0.414 0.188 0.16\n",
      "4 0.011 0.523 0.17 0.296\n",
      " Data/test/labels/2015_00548.jpg.txt\n",
      "\n",
      "0 0.324 0.37 0.097 0.209\n",
      "4 0.424 0.376 0.109 0.091\n",
      " Data/test/labels/2015_00549.jpg.txt\n",
      "\n",
      "0 0.256 0.27 0.287 0.187\n",
      "10 0.361 0.137 0.165 0.336\n",
      " Data/test/labels/2015_00550.jpg.txt\n",
      "\n",
      "0 0.072 0.052 0.452 0.425\n",
      " Data/test/labels/2015_00551.jpg.txt\n",
      "\n",
      "0 0.283 0.012 0.282 0.423\n",
      " Data/test/labels/2015_00552.jpg.txt\n",
      "\n",
      "0 0.385 0.274 0.181 0.16\n",
      " Data/test/labels/2015_00553.jpg.txt\n",
      "\n",
      "0 0.049 0.344 0.229 0.377\n",
      "0 0.305 0.264 0.15 0.281\n",
      "0 0.391 0.203 0.194 0.212\n",
      "10 0.273 0.275 0.083 0.37\n",
      "10 0.298 0.304 0.113 0.285\n",
      "10 0.024 0.108 0.279 0.59\n",
      "10 0.265 0.097 0.164 0.475\n",
      "10 0.563 0.198 0.102 0.136\n",
      "10 0.371 0.158 0.153 0.318\n",
      "10 0.458 0.125 0.127 0.29\n",
      "10 0.505 0.073 0.104 0.318\n",
      " Data/test/labels/2015_00554.jpg.txt\n",
      "\n",
      "0 0.225 0.19 0.291 0.295\n",
      " Data/test/labels/2015_00555.jpg.txt\n",
      "\n",
      "0 0.004 0.329 0.307 0.361\n",
      "10 0.574 0.306 0.054 0.066\n",
      "10 0.559 0.22 0.092 0.129\n",
      "10 0.362 0.256 0.087 0.295\n",
      "10 0.332 0.379 0.085 0.205\n",
      "10 0.388 0.36 0.074 0.178\n",
      "10 0.463 0.135 0.11 0.292\n",
      " Data/test/labels/2015_00556.jpg.txt\n",
      "\n",
      "0 0.474 0.341 0.114 0.071\n",
      " Data/test/labels/2015_00557.jpg.txt\n",
      "\n",
      "0 0.298 0.125 0.302 0.275\n",
      "0 0.182 0.198 0.263 0.357\n",
      "0 0.004 0.36 0.302 0.335\n",
      " Data/test/labels/2015_00558.jpg.txt\n",
      "\n",
      "0 0.009 0.321 0.387 0.284\n",
      " Data/test/labels/2015_00559.jpg.txt\n",
      "\n",
      "0 0.117 0.117 0.404 0.362\n",
      "10 0.256 0.011 0.286 0.447\n",
      " Data/test/labels/2015_00560.jpg.txt\n",
      "\n",
      "0 0.306 0.297 0.163 0.234\n",
      "10 0.331 0.176 0.155 0.337\n",
      " Data/test/labels/2015_00561.jpg.txt\n",
      "\n",
      "0 0.379 0.457 0.1 0.064\n",
      "4 0.25 0.508 0.171 0.071\n",
      "10 0.615 0.333 0.014 0.039\n",
      "10 0.619 0.325 0.014 0.042\n",
      "10 0.624 0.324 0.015 0.037\n",
      "10 0.63 0.315 0.016 0.04\n",
      "10 0.576 0.331 0.025 0.068\n",
      "10 0.568 0.342 0.02 0.07\n",
      "10 0.541 0.333 0.03 0.097\n",
      "10 0.487 0.331 0.047 0.135\n",
      "10 0.462 0.355 0.053 0.13\n",
      "10 0.435 0.373 0.057 0.134\n",
      "6 0.464 0.431 0.038 0.067\n",
      "6 0.329 0.489 0.091 0.091\n",
      "6 0.256 0.526 0.113 0.104\n",
      " Data/test/labels/2015_00562.jpg.txt\n",
      "\n",
      "0 0.162 0.363 0.197 0.277\n",
      "10 0.141 0.232 0.215 0.411\n",
      " Data/test/labels/2015_00563.jpg.txt\n",
      "\n",
      "0 0.111 0.142 0.423 0.323\n",
      " Data/test/labels/2015_00564.jpg.txt\n",
      "\n",
      "0 0.323 0.11 0.243 0.324\n",
      "4 0.53 0.226 0.134 0.111\n",
      "4 0.587 0.199 0.116 0.097\n",
      "4 0.506 0.29 0.116 0.088\n",
      "4 0.175 0.247 0.398 0.18\n",
      "4 0.01 0.383 0.342 0.265\n",
      " Data/test/labels/2015_00565.jpg.txt\n",
      "\n",
      "0 0.201 0.148 0.327 0.324\n",
      "10 0.253 0.161 0.166 0.419\n",
      "10 0.43 0.091 0.175 0.303\n",
      " Data/test/labels/2015_00566.jpg.txt\n",
      "\n",
      "0 0.157 0.173 0.301 0.37\n",
      "4 0.387 0.226 0.258 0.129\n",
      "4 0.51 0.178 0.178 0.133\n",
      "4 0.562 0.156 0.163 0.118\n",
      "4 0.552 0.104 0.231 0.113\n",
      "10 0.202 0.009 0.265 0.525\n",
      " Data/test/labels/2015_00567.jpg.txt\n",
      "\n",
      "0 0.213 0.459 0.129 0.198\n",
      " Data/test/labels/2015_00568.jpg.txt\n",
      "\n",
      "0 0.164 0.492 0.192 0.152\n",
      "6 0.422 0.283 0.118 0.177\n",
      "6 0.584 0.287 0.078 0.051\n",
      "10 0.479 0.289 0.06 0.172\n",
